object	page	milestone
00000001		
00000002		
00000003	3	
00000004		
00000005	5	
00000006	6	
00000007	7	
00000008	8	
00000009	9	
00000010	10	
00000011	11	
00000012	12	
00000013	13	
00000014	14	
00000015	15	
00000016	16	
00000017	17	
00000018	18	
00000019	19	
00000020	20	
00000021	21	
00000022	22	
00000023	23	
00000024	24	
00000025	25	
00000026	26	
00000027	27	
00000028	28	
00000029	29	
00000030	30	
00000031	31	
00000032	32	
00000033	33	
00000034	34	
00000035	35	
00000036	36	
00000037	37	
00000038	38	
00000039	39	
00000040	40	
00000041	41	
00000042	42	
00000043	43	
00000044	44	
00000045	45	
00000046	46	
00000047	47	
00000048	48	
00000049	49	
00000050	50	
00000051	51	
00000052	52	
00000053	53	
00000054	54	
00000055	55	
00000056	56	
